Fleet 	Metal 	Crystal 	Deuterium 	Structural Integrity 	Armour 	Shield Power 	Weapon Power 	Cargo Capacity 	Speed 	Fuel Cons.
Small Cargo 	2,000 	2,000 	0 	4,000 	400 	10 	5 	5,000 	5,000 	10
Large Cargo 	6,000 	6,000 	0 	12,000 	1,200 	25 	5 	25,000 	7,500 	50
Light Fighter 	3,000 	1,000 	0 	4,000 	400 	10 	50 	50 	12,500 	20
Heavy Fighter 	6,000 	4,000 	0 	10,000 	1,000 	25 	150 	100 	10,000 	75
Cruiser 	20,000 	7,000 	2,000 	27,000 	2,700 	50 	400 	800 	15,000 	300
Battleship 	45,000 	15,000 	0 	60,000 	6,000 	200 	1,000 	1,500 	10,000 	500
Colony Ship 	10,000 	20,000 	10,000 	30,000 	3,000 	100 	50 	7,500 	2,500 	1,000
Recycler 	10,000 	6,000 	2,000 	16,000 	1,600 	10 	1 	20,000 	2,000 	300
Espionage Probe 	0 	1,000 	0 	1,000 	100 	0 	0 	5 	100,000,000 	1
Bomber 	50,000 	25,000 	15,000 	75,000 	7,500 	500 	1,000 	500 	4,000 	1,000
Solar Satellite 	0 	2,000 	500 	2,000 	200 	1 	1 	/ 	/ 	/
Destroyer 	60,000 	50,000 	15,000 	110,000 	11,000 	500 	2,000 	2,000 	5,000 	1,000
Deathstar 	5,000,000 	4,000,000 	1,000,000 	9,000,000 	900,000 	50,000 	200,000 	1,000,000 	100 	1
Battlecruiser 	30,000 	40,000 	15,000 	70,000 	7,000 	400 	700 	750 	10,000 	250
